001
002
003
0031
004
005
006
007
008
009
010
011
012
013
013031
013A02
013A31
013B02
013C02
014
015
016
017
018
019
020
021
022
023
024
025
026
027
028
029
030
031
032
033
034
035
036
037
038
039
040
041
042
043
044
045
046
047
048
049
050
051
052
053
054
055
056
057
058
059
060
061
062
063
064
065
066
067
0A02
0A31
0B02
0C02
5B1
5B2
5B3
5B5
5B6
5B7
5C1
5D1
5E1
5F1
5G1
5H1
5L1
5M1
5N1
659
6T1
A02
A31
B02
C02
TDL
